latitude=17.518415
longitude=78.29274